good_for_the_gooski   (m, 360)

[1]: 2005/05/11     0.00  


     1.0                   0.000    0.00    0.00         
     1.0         1.1       8.802  182.72  -82.17  [1]    
     1.0         1.1       8.774  181.97  -81.80  [1]    
     1.0         1.1       8.926  181.24  -82.07  [1]    
     1.0                   2.876  143.33  -10.85  [1]    
     1.0                   6.466  196.81   -7.70  [1]    
     1.0                   2.459  109.07   -8.71  [1]    
     1.1                   0.000    0.00    0.00  [1]    
     1.1                   1.655  349.95    2.28  [1]    
     1.1                   0.673   94.87   -1.29  [1]    
     1.1                   2.191  197.89   11.24  [1]    
     1.1                   1.768  175.55  -81.11  [1]    
     1.1         1.2       3.388   53.60  -17.72  [1]    
     1.1         1.2       3.373   53.62  -17.81  [1]    
     1.1         1.2       3.375   53.33  -17.65  [1]    
     1.2                   0.396  163.69    0.05  [1]    
     1.2                   1.516  147.27   69.83  [1]    
     1.2                   0.189  124.27  -86.52  [1]    
     1.2         1.3       0.782   98.27   -4.93  [1]    
     1.2         1.3       0.787   96.75   -4.55  [1]    
     1.2         1.3       0.789   96.93   -4.61  [1]    
     1.3                   0.541  331.78   11.19  [1]    
     1.3                   0.801  294.20   83.60  [1]    
     1.3                   4.308  219.00  -86.34  [1]    
     1.3         1.4       2.869   20.66   -7.88  [1]    
     1.3         1.4       2.870   20.68   -8.05  [1]    
     1.3         1.4       2.868   20.54   -8.08  [1]    
     1.4                   0.367  328.24   27.10  [1]    
     1.4                   0.516  132.78   11.72  [1]    
     1.4                   0.979   43.41   20.15  [1]    
     1.4         1.5       3.739   66.22  -51.26  [1]    
     1.4         1.5       3.756   65.64  -51.27  [1]    
     1.4         1.5       3.738   65.77  -51.27  [1]    
     1.5                   0.312  355.94   26.00  [1]    
     1.5                   0.933  166.98   14.88  [1]    
     1.5                   4.018   60.65   53.05  [1]    
     1.5                   3.156  231.78   83.08  [1]    
     1.5         1.6      15.006  105.64  -79.44  [1]    
     1.5         1.6      14.982  105.42  -79.37  [1]    
     1.5         1.6      14.979  108.75  -79.67  [1]    
     1.6                   4.026  351.89   -2.72  [1]    
     1.6                   1.660   16.38   -9.17  [1]    
     1.6                   3.916  330.16   -2.41  [1]    
     1.6                   3.522  307.60   -0.38  [1]    
     1.6                   3.851  285.80    0.43  [1]    
     1.6                   2.290  265.41    1.17  [1]    
     1.6                   7.749  122.54   78.05  [1]    
     1.6         1.7       7.646  341.80  -34.19  [1]    
     1.6         1.7       7.638  341.77  -34.19  [1]    
     1.6         1.7       7.624  341.89  -34.24  [1]    
     1.7                   3.487  155.40   -0.20  [1]    
     1.7                   4.035  192.44   -2.69  [1]    
     1.7                   2.093  175.11    4.11  [1]    
     1.7                   3.275  189.20   71.10  [1]    
     1.7                   1.036  317.90  -82.10  [1]    
     1.7                   2.095  200.00    4.93  [1]    
     1.7         1.8       1.540  256.82   -4.82  [1]    
     1.7         1.8       1.542  257.00   -4.80  [1]    
     1.7         1.8       1.529  256.81   -4.89  [1]    
     1.8                   0.506  241.10   -6.90  [1]    
     1.8                   0.860   35.37  -12.84  [1]    
     1.8                   0.486  268.16   85.70  [1]    
     1.8                   9.776   23.30  -81.38  [1]    
     1.8         1.9       4.760  355.71  -59.11  [1]    
     1.8         1.9       4.761  355.92  -59.23  [1]    
     1.8         1.9       4.677  356.85  -59.28  [1]    
     1.9                   1.720  207.37  -10.27  [1]    
     1.9                   3.038  220.18   63.36  [1]    
     1.9                   1.532  182.17  -84.49  [1]    
     1.9                   3.364  150.12   -0.24  [1]    
     1.9         1.10      3.361  271.76  -26.59  [1]    
     1.9         1.10      3.333  271.52  -26.54  [1]    
     1.9         1.10      3.333  271.49  -26.47  [1]    
     1.10                  0.375  200.11   -5.96  [1]    
     1.10                  0.542   53.22   -6.99  [1]    
     1.10                  1.015  279.21  -82.79  [1]    
     1.10        1.11      4.660  359.12  -20.93  [1]    
     1.10        1.11      4.461  358.79  -20.91  [1]    
     1.10        1.11      4.483  358.90  -21.15  [1]    
     1.11                  0.314  253.24   28.67  [1]    
     1.11                  1.169   10.65   85.39  [1]    
     1.11                  0.999  348.89   -7.50  [1]    
     1.11                  1.985  348.59   -7.61  [1]    
     1.11        1.12      7.862  336.63  -63.67  [1]    
     1.11        1.12      7.829  336.63  -63.69  [1]    
     1.11        1.12      7.876  336.88  -63.70  [1]    
     1.12                  2.115  142.62   10.06  [1]    
     1.12                  1.969  197.92    4.30  [1]    
     1.12                  0.908   55.12    0.21  [1]    
     1.12                  1.032  294.38    9.20  [1]    
     1.12                  4.905  355.42   85.52  [1]    
     1.12                  5.447   31.29   57.55  [1]    
     1.12                  3.321  204.70  -82.11  [1]    
     1.12        1.13      2.886  220.71    1.50  [1]    
     1.12        1.13      2.845  220.37    1.21  [1]    
     1.12        1.13      2.883  220.18    0.98  [1]    
     1.13                  0.224  305.36  -11.80  [1]    
     1.13                  1.891  243.97   63.74  [1]    
     1.13                  2.941  172.12  -77.79  [1]    
     1.13                  0.682  297.88   50.85  [1]    
     1.13                  2.179  236.20   -5.64  [1]    
     1.13        1.14      4.097  236.98  -46.69  [1]    
     1.13        1.14      4.083  237.30  -46.41  [1]    
     1.13        1.14      4.091  237.10  -46.50  [1]    
     1.14                  0.290  155.09    7.04  [1]    
     1.14                  0.933  202.20   72.89  [1]    
     1.14                  1.676  166.46  -83.53  [1]    
     1.14        1.15      1.200  237.00    0.00  [1]    
     1.15        1.16     56.252   15.44  -84.93  [1]    
