TRIP
DATE 2010-09-30 
DECLINATION     0.00
DATA
TRIP
DATE 2011-09-07 
DECLINATION     0.00
DATA
1.1	1.0	320.72	-68.73	11.824	>
1.1		229.97	0.00	0.400	>
1.1		30.01	0.00	1.140	>
1.1		0.00	90.00	1.320	>
1.2	1.1	235.45	-21.04	3.813	>
1.2		145.00	0.00	0.900	>
1.2		325.00	0.00	1.491	>
1.2		0.00	90.00	0.620	>
1.3	1.2	263.46	-50.57	3.068	>
1.3		170.00	0.00	0.800	>
1.3		354.95	0.00	0.500	>
1.3		0.00	90.00	2.900	>
1.3		0.00	-90.00	1.500	>
1.4	1.3	266.85	-67.39	4.684	>
1.5	1.4	218.98	11.57	6.574	>
1.5		297.78	15.94	1.711	>
1.5		271.26	88.45	3.369	>
1.5		240.96	-69.28	1.083	>
1.6	1.5	111.90	-33.68	12.596	>
1.6		200.00	0.00	7.400	>
1.6		20.00	0.00	4.100	>
1.6		0.00	90.00	3.400	>
1.6		0.00	-90.00	1.200	>
1.7	1.6	91.11	-59.25	11.185	>
1.7		359.40	-1.30	1.809	>
1.7		145.34	-1.57	4.662	>
1.7		137.35	-77.46	1.034	>

PLAN
STATIONS
0.000	0.000	1.0
2.716	-3.321	1.1
5.647	-1.303	1.2
7.583	-1.081	1.3
9.381	-0.982	1.4
13.432	4.025	1.5
3.707	7.935	1.6
-2.010	8.046	1.7
SHOTS
3.707	7.935	-2.010	8.046
-2.010	8.046	-2.029	9.854
-2.010	8.046	0.640	4.213
-2.010	8.046	-1.858	7.881
13.432	4.025	3.707	7.935
3.707	7.935	1.176	0.981
3.707	7.935	5.109	11.788
3.707	7.935	3.707	7.935
3.707	7.935	3.707	7.935
9.381	-0.982	13.432	4.025
13.432	4.025	11.976	4.792
13.432	4.025	13.341	4.027
13.432	4.025	13.097	3.839
7.583	-1.081	9.381	-0.982
5.647	-1.303	7.583	-1.081
7.583	-1.081	7.722	-1.869
7.583	-1.081	7.539	-0.583
7.583	-1.081	7.583	-1.081
7.583	-1.081	7.583	-1.081
2.716	-3.321	5.647	-1.303
5.647	-1.303	6.163	-2.040
5.647	-1.303	4.792	-0.082
5.647	-1.303	5.647	-1.303
0.000	0.000	2.716	-3.321
2.716	-3.321	2.410	-3.578
2.716	-3.321	3.286	-2.334
2.716	-3.321	2.716	-3.321
POLYLINE GRAY
1.280	-0.370
1.030	-0.170
0.830	-0.370
0.780	-0.520
0.780	-0.920
1.830	-1.520
2.030	-1.720
POLYLINE GRAY
3.130	-3.120
2.880	-3.070
2.630	-2.870
1.880	-1.670
1.780	-1.470
1.430	-1.170
1.130	-1.020
0.980	-0.770
1.080	-0.870
POLYLINE GRAY
5.180	-1.070
4.380	-2.070
3.780	-3.070
3.730	-3.320
3.580	-3.420
3.330	-3.370
3.480	-3.020
POLYLINE GRAY
5.080	-1.170
4.930	-1.220
3.630	-2.820
POLYLINE GRAY
4.930	-2.320
4.580	-2.620
3.380	-3.370
3.380	-3.520
POLYLINE GRAY
6.630	-1.220
6.180	-1.270
5.530	-1.570
4.530	-2.420
4.380	-2.670
POLYLINE GRAY
6.680	-1.070
6.680	-0.820
5.380	-1.320
4.680	-1.770
POLYLINE GRAY
6.530	-0.320
5.980	-0.320
4.880	-1.320
POLYLINE GRAY
7.430	-0.420
7.130	-1.020
6.530	-0.720
6.030	-0.220
4.830	-0.420
4.780	-0.520
POLYLINE GRAY
8.480	-1.120
7.380	-1.270
7.780	-1.270
POLYLINE GRAY
8.380	-1.020
8.380	-0.920
8.680	-1.120
8.830	-1.120
POLYLINE GRAY
10.980	-0.620
12.230	0.030
12.430	0.080
POLYLINE GRAY
10.230	0.230
10.230	0.130
11.830	1.330
13.230	2.080
POLYLINE GRAY
9.680	1.880
9.980	1.980
12.380	3.480
13.330	3.980
13.780	4.130
POLYLINE GRAY
8.930	3.080
9.080	3.130
11.730	5.280
12.980	6.180
13.030	6.330
POLYLINE GRAY
7.980	4.680
7.830	4.280
11.530	7.130
12.280	7.480
POLYLINE GRAY
5.730	4.430
5.680	4.430
7.530	5.980
8.230	6.380
8.830	7.130
9.130	7.380
9.480	7.530
9.630	7.680
9.680	7.830
POLYLINE GRAY
2.930	3.880
5.480	5.980
5.880	6.530
7.330	7.830
7.680	8.030
7.980	8.280
8.280	8.380
POLYLINE GRAY
2.180	4.930
2.680	5.430
4.930	6.880
6.380	7.880
7.380	8.530
POLYLINE GRAY
2.780	6.880
5.530	8.730
6.130	9.180
6.230	9.180
6.080	9.080
POLYLINE GRAY
4.030	9.530
4.030	9.380
4.130	9.530
5.230	10.230
5.380	10.180
5.480	10.280
POLYLINE GRAY
2.030	4.980
2.030	4.830
2.180	4.830
2.130	5.080
2.180	5.230
2.130	5.330
2.280	5.780
2.330	6.080
2.480	6.630
2.580	6.730
2.580	6.980
2.680	7.330
2.780	7.430
2.780	7.580
3.030	8.080
3.180	8.280
3.280	8.680
3.430	8.930
3.430	9.080
3.630	9.380
3.630	9.530
3.880	9.880
3.930	10.080
4.230	10.580
4.380	10.680
4.480	11.030
4.580	11.030
4.530	11.130
4.680	11.230
4.730	11.480
4.880	11.530
4.880	11.680
5.030	11.730
5.080	11.830
5.380	11.780
5.480	11.380
5.480	10.980
5.830	10.130
5.880	9.530
6.180	9.030
6.930	8.780
7.630	8.780
8.080	8.630
8.330	8.480
8.380	8.380
9.380	7.980
9.630	7.930
9.730	7.830
11.180	7.830
11.280	7.680
11.430	7.780
11.980	7.780
12.280	7.830
12.830	7.680
13.080	7.680
13.430	7.580
13.530	7.480
13.630	7.530
14.230	6.780
14.180	6.230
13.880	5.730
13.830	5.530
13.530	5.130
13.530	4.980
13.430	4.580
13.480	4.480
13.430	3.880
13.280	3.530
13.280	3.030
13.380	2.780
13.430	2.430
13.530	1.980
13.530	1.530
13.580	1.080
13.530	0.830
13.380	0.580
12.830	0.180
12.530	-0.170
12.430	-0.170
12.330	-0.320
12.230	-0.320
12.180	-0.470
11.730	-0.870
11.530	-1.270
11.530	-1.020
11.430	-1.120
11.230	-1.120
10.680	-0.970
10.480	-0.870
10.380	-0.920
10.280	-0.320
9.730	0.230
9.630	0.830
9.130	1.880
9.030	2.430
8.780	2.880
8.630	3.030
8.480	3.030
8.380	3.330
7.830	3.680
7.080	4.030
6.230	4.380
5.930	4.380
5.780	4.430
5.680	4.380
5.530	4.430
5.030	4.380
4.780	4.230
4.380	4.130
3.830	3.930
3.680	3.780
3.480	3.780
3.030	3.430
2.730	3.230
2.430	3.230
2.180	3.430
2.030	3.930
2.030	4.180
1.980	4.430
2.030	4.780
2.280	5.180
POLYLINE BLACK
0.180	4.580
0.280	4.680
0.130	4.280
0.130	4.280
0.130	4.280
0.130	4.180
POLYLINE BLACK
0.730	5.630
0.680	5.480
0.980	5.480
1.230	5.430
POLYLINE BLACK
0.030	4.830
0.080	4.730
0.180	4.980
0.180	5.180
0.230	5.280
POLYLINE BLACK
-0.970	5.880
-0.970	5.880
-0.570	6.080
POLYLINE BLACK
-1.220	6.930
-1.120	6.830
-0.820	6.780
-0.570	6.880
-0.520	6.980
POLYLINE BLACK
-1.520	8.980
-1.370	8.880
-1.170	8.880
-0.970	8.830
-1.070	8.880
POLYLINE BLACK
-1.470	9.780
-1.470	9.680
-1.170	9.380
-1.020	9.330
POLYLINE BLACK
-0.820	10.080
-0.870	9.630
POLYLINE BLACK
-0.020	9.430
0.030	9.280
0.030	9.430
-0.270	8.980
-0.420	8.930
POLYLINE BLACK
0.430	8.930
0.280	8.580
0.130	8.530
0.080	8.380
POLYLINE BLACK
0.530	8.030
0.580	7.880
0.330	7.730
POLYLINE BLACK
0.680	7.330
0.580	6.930
0.480	7.080
0.430	6.980
POLYLINE BLACK
1.230	6.780
1.130	6.630
0.880	6.580
0.780	6.430
0.630	6.430
0.530	6.480
POLYLINE BLACK
-0.520	5.430
-0.370	5.480
-0.320	5.630
POLYLINE BLACK
-0.670	10.230
-0.720	10.230
-0.770	10.730
POLYLINE BLACK
-0.120	9.380
-0.270	9.580
-0.320	9.430
-0.420	9.880
-0.520	9.930
-0.520	10.080
POLYLINE BLACK
0.830	6.980
0.580	7.730
0.580	7.880
0.480	7.980
0.430	8.230
0.480	8.330
0.430	8.580
0.180	8.930
0.030	8.980
POLYLINE BLACK
1.130	4.930
1.080	4.780
1.080	5.130
1.130	5.380
1.030	5.730
1.030	6.080
1.130	6.230
1.030	6.330
1.130	6.430
0.980	6.430
0.880	6.580
0.880	6.780
POLYLINE BLACK
-0.620	4.730
-0.520	4.730
-0.170	4.130
-0.020	4.130
0.180	4.080
0.430	4.080
0.780	4.430
0.880	4.480
POLYLINE BLACK
-0.670	4.930
-0.620	4.780
POLYLINE BLACK
-0.820	5.130
-0.570	4.780
-0.520	4.630
-0.770	4.980
-1.070	5.530
-1.270	6.230
-1.420	6.680
-1.470	6.930
-1.570	7.130
-1.570	7.280
-1.670	7.380
-1.670	7.630
-1.820	8.380
-1.820	9.030
-1.720	9.480
-1.720	9.780
-1.620	10.280
-1.470	10.280
-1.420	10.180
-1.320	10.230
-1.320	10.080
-1.020	10.030
-1.020	9.930
-0.870	9.780
-0.870	9.680
POLYLINE BLACK
-1.820	7.980
-1.870	7.680
-1.670	6.780
-1.570	6.580
-1.570	6.330
-1.470	6.380
-1.420	6.180
-1.270	6.030
-1.270	5.780
-1.020	5.380
-0.970	5.230
POLYLINE BLACK
3.220	-2.190
3.190	-2.340
3.370	-2.280
3.370	-2.280
3.550	-2.130
3.640	-2.190
3.640	-2.070
3.700	-2.070
3.790	-1.920
3.880	-1.860
4.090	-1.410
4.240	-1.200
4.240	-1.140
4.420	-0.900
4.510	-0.660
4.630	-0.510
4.600	-0.450
4.660	-0.390
4.660	-0.300
4.720	-0.120
4.780	0.000
POLYLINE BLACK
0.550	0.600
0.580	0.450
0.610	0.540
0.640	0.450
0.700	0.450
0.700	0.450
0.820	0.420
0.790	0.330
0.880	0.330
1.300	-0.090
1.390	-0.270
1.480	-0.330
1.480	-0.510
1.570	-0.690
1.600	-0.840
1.690	-1.110
1.750	-1.140
1.750	-1.200
1.990	-1.530
2.050	-1.530
2.110	-1.680
2.200	-1.680
2.170	-1.740
2.350	-2.010
2.440	-2.040
2.470	-2.190
2.530	-2.250
2.530	-2.370
2.560	-2.460
2.560	-2.370
2.620	-2.430
2.590	-2.490
2.650	-2.460
2.620	-2.520
2.710	-2.550
2.710	-2.610
2.740	-2.550
2.800	-2.580
2.800	-2.580
2.860	-2.580
2.950	-2.520
2.950	-2.520
3.190	-2.310
3.220	-2.220
POLYLINE BLACK
0.520	0.510
0.040	0.510
-0.170	0.360
-0.230	0.360
-0.320	0.180
-0.410	0.090
-0.410	-0.180
-0.350	-0.270
-0.350	-0.360
-0.080	-0.630
0.070	-0.690
0.160	-0.840
0.160	-0.750
0.220	-0.900
0.250	-0.810
0.370	-0.870
0.430	-0.960
0.490	-0.960
0.520	-1.050
0.820	-1.260
0.940	-1.470
1.030	-1.500
1.030	-1.560
1.120	-1.590
1.240	-1.860
1.390	-1.980
1.420	-2.160
1.450	-2.160
1.660	-2.430
1.750	-2.460
1.780	-2.550
1.960	-2.670
1.990	-2.760
2.050	-2.760
2.110	-2.940
2.170	-2.940
2.260	-3.060
2.260	-3.150
2.320	-3.150
2.320	-3.240
2.350	-3.300
POLYLINE BLACK
4.480	-2.880
4.480	-2.790
4.330	-2.880
4.270	-2.880
4.270	-2.970
4.180	-2.970
4.060	-3.090
4.060	-3.090
3.910	-3.180
3.880	-3.270
3.820	-3.270
3.760	-3.360
3.760	-3.300
3.760	-3.300
3.670	-3.390
3.580	-3.570
3.520	-3.570
3.400	-3.690
3.400	-3.720
3.160	-3.870
3.220	-3.870
3.130	-3.870
3.100	-3.960
3.070	-3.870
2.830	-3.930
2.680	-3.870
2.560	-3.750
2.500	-3.750
2.440	-3.690
2.380	-3.720
2.350	-3.570
2.320	-3.450
2.320	-3.360
POLYLINE BLACK
5.260	-2.220
5.350	-2.100
5.170	-2.520
5.110	-2.490
5.140	-2.430
4.840	-2.580
4.780	-2.580
4.750	-2.700
4.750	-2.610
4.630	-2.670
4.660	-2.730
4.540	-2.730
POLYLINE BLACK
5.410	-2.430
5.560	-2.100
5.350	-2.460
5.350	-2.250
POLYLINE BLACK
5.560	-2.310
POLYLINE BLACK
5.860	-1.890
5.740	-2.250
5.650	-2.310
5.890	-2.220
POLYLINE BLACK
5.890	-2.010
5.800	-2.190
5.890	-2.100
5.920	-1.800
POLYLINE BLACK
5.860	-2.190
POLYLINE BLACK
6.250	-1.620
6.010	-2.100
5.950	-2.100
5.890	-2.220
5.890	-2.100
POLYLINE BLACK
6.130	-1.920
6.130	-1.830
POLYLINE BLACK
6.370	-1.590
6.430	-1.500
6.250	-1.710
6.160	-1.890
6.250	-1.590
6.160	-1.770
6.100	-1.800
POLYLINE BLACK
6.250	-1.800
6.250	-1.710
POLYLINE BLACK
1.340	1.560
1.240	1.460
1.240	1.560
1.290	2.010
1.340	2.510
1.690	3.560
1.840	3.810
1.890	4.060
1.990	4.360
1.990	4.510
2.140	4.510
2.090	4.660
1.990	4.710
POLYLINE BLACK
9.440	-0.390
9.440	-0.040
9.340	0.160
9.340	0.310
9.140	0.910
9.040	1.010
9.190	1.060
9.040	1.060
8.990	1.310
8.840	1.660
8.690	1.860
8.640	2.110
8.540	2.560
8.340	2.810
8.190	2.860
8.140	2.960
7.790	3.160
7.690	3.160
7.640	3.260
7.590	3.160
7.590	3.260
7.140	3.410
7.040	3.310
6.990	3.460
6.690	3.460
6.590	3.510
6.340	3.460
6.190	3.460
6.140	3.310
6.140	3.460
6.040	3.310
5.840	3.360
5.390	3.260
5.090	3.110
4.940	3.160
4.890	2.960
4.890	3.160
4.440	3.060
4.190	3.010
4.140	2.860
4.140	3.010
3.640	2.710
3.490	2.710
3.440	2.560
3.290	2.560
3.240	2.410
3.190	2.510
2.940	2.360
2.690	2.110
2.590	2.110
2.540	2.010
2.540	2.010
2.540	2.110
2.640	2.060
2.390	2.010
2.390	2.010
2.340	1.860
2.240	1.910
2.140	1.660
2.140	1.810
2.090	1.810
1.940	1.610
1.790	1.560
1.840	1.410
1.740	1.460
1.690	1.360
1.690	1.260
1.640	1.160
1.390	1.210
1.590	1.710
POLYLINE BROWN
1.530	4.790
1.620	4.730
1.680	4.760
1.890	4.610
1.980	4.460
1.890	4.250
1.890	4.160
POLYLINE BROWN
1.080	4.880
1.110	4.790
1.200	4.790
1.260	4.760
1.470	4.820
POLYLINE BROWN
0.630	4.490
0.630	4.490
0.720	4.550
0.660	4.550
0.720	4.580
0.750	4.700
0.840	4.760
0.990	4.790
POLYLINE BROWN
0.600	4.370
POLYLINE BROWN
-1.350	4.160
-1.230	4.190
-1.110	4.310
-0.900	4.400
-0.810	4.400
-0.720	4.460
-0.660	4.400
-0.600	4.430
-0.540	4.400
-0.420	4.430
-0.180	4.430
-0.180	4.430
-0.090	4.370
-0.030	4.370
0.030	4.280
0.060	4.370
0.120	4.400
0.330	4.370
0.480	4.370
POLYLINE BROWN
-1.500	4.130
-1.350	4.310
POLYLINE BROWN
-1.950	3.440
-1.890	3.680
-1.860	3.800
-1.830	3.950
-1.710	4.070
-1.650	4.070
-1.650	4.010
-1.620	4.100
-1.530	4.100
POLYLINE BROWN
4.830	-0.100
4.830	-0.040
5.100	0.140
5.130	0.050
5.220	0.200
5.490	0.350
5.520	0.260
5.520	0.380
5.880	0.440
5.940	0.410
5.970	0.320
5.970	0.440
6.030	0.470
6.150	0.410
6.210	0.320
6.210	0.380
6.270	0.380
6.330	0.200
6.360	0.350
6.420	0.260
6.480	0.290
6.540	0.200
6.660	0.200
6.810	0.050
6.870	-0.070
6.870	-0.010
6.960	-0.130
7.020	-0.130
7.050	-0.220
7.230	-0.250
7.320	-0.280
7.260	-0.310
7.320	-0.310
7.500	-0.610
7.560	-0.580
7.620	-0.610
7.620	-0.730
7.650	-0.610
7.710	-0.580
7.830	-0.580
7.740	-0.610
7.830	-0.610
7.950	-0.640
8.610	-0.640
8.640	-0.730
8.670	-0.640
8.880	-0.640
9.030	-0.610
9.030	-0.610
9.090	-0.640
9.090	-0.580
9.360	-0.550
9.420	-0.550
9.480	-0.490
POLYLINE BROWN
9.660	-1.240
9.630	-1.330
9.360	-1.420
9.060	-1.420
8.880	-1.540
8.610	-1.540
8.460	-1.570
8.430	-1.660
8.400	-1.570
8.370	-1.630
8.280	-1.600
8.160	-1.630
8.100	-1.630
8.040	-1.690
7.980	-1.630
7.830	-1.660
7.710	-1.630
7.560	-1.630
7.440	-1.600
7.230	-1.600
7.200	-1.750
7.200	-1.600
7.170	-1.720
7.170	-1.600
7.140	-1.720
7.140	-1.600
7.110	-1.690
7.110	-1.690
7.110	-1.600
7.080	-1.690
7.080	-1.600
7.110	-1.690
7.110	-1.600
7.050	-1.630
6.900	-1.600
6.840	-1.660
6.810	-1.600
6.630	-1.600
6.690	-1.630
6.570	-1.630
6.270	-1.780
POLYLINE BROWN
8.100	-1.600
8.040	-1.630
POLYLINE BROWN
8.370	-1.540
8.370	-1.360
8.340	-1.510
8.250	-1.570
8.310	-1.480
8.280	-1.390
POLYLINE BROWN
8.520	-1.390
POLYLINE BROWN
9.030	-1.360
9.030	-1.420
9.030	-1.330
POLYLINE BROWN
9.300	-1.250
9.250	-1.450
9.450	-1.450
9.700	-1.350
9.800	-1.450
9.850	-1.350
9.950	-1.400
10.050	-1.300
10.150	-1.350
10.200	-1.550
10.200	-1.350
10.450	-1.350
10.800	-1.450
11.050	-1.450
11.500	-1.600
11.450	-1.700
11.600	-1.600
11.700	-1.750
11.900	-1.700
12.600	-1.900
13.050	-1.900
13.150	-1.950
13.400	-1.800
13.650	-1.850
13.800	-1.700
14.050	-1.650
14.200	-1.400
14.350	-1.350
14.450	-1.150
14.450	-1.000
14.500	-0.800
14.500	0.000
14.350	0.800
14.350	1.050
14.000	2.300
14.000	2.450
13.900	2.550
13.800	3.150
13.750	3.600
13.650	3.750
POLYLINE BROWN
6.500	9.250
6.700	9.200
6.800	9.000
6.800	9.200
7.000	9.150
7.150	9.050
7.350	9.050
7.600	8.950
7.600	9.050
7.700	8.950
7.900	8.950
8.700	8.750
8.900	8.750
9.200	8.650
9.550	8.600
9.600	8.350
9.700	8.350
9.750	8.500
9.900	8.500
10.100	8.300
10.150	8.400
10.750	8.200
10.850	8.100
11.050	8.150
11.350	8.150
11.450	8.100
11.800	8.150
12.600	8.150
12.850	8.200
13.000	8.300
13.400	8.300
13.750	8.400
14.100	8.350
14.600	8.250
14.800	7.900
14.800	8.000
14.850	7.850
15.000	7.800
15.050	7.600
15.100	7.450
15.200	7.450
15.200	7.450
15.300	7.300
15.300	7.150
15.400	6.950
15.350	6.950
15.350	6.400
15.100	5.900
15.100	6.050
15.050	5.850
15.000	5.950
14.800	5.750
14.750	5.600
14.700	5.700
14.650	5.600
14.550	5.600
13.800	4.750
13.750	4.500
13.650	4.400
13.600	4.150
13.650	4.050
13.800	4.500
POLYLINE BROWN
5.450	11.950
5.550	11.700
5.500	11.600
5.550	11.350
5.500	11.200
5.550	11.000
5.500	10.800
5.550	10.700
5.500	10.550
5.700	9.850
5.800	9.850
5.850	9.700
6.050	9.450
6.100	9.250
6.100	9.450
6.250	9.400
POLYLINE BROWN
5.350	11.300
POLYLINE BROWN
5.450	11.350
POLYLINE BROWN
5.400	11.550
POLYLINE BROWN
6.250	12.350
6.100	12.300
6.100	12.200
5.850	12.250
5.750	12.000
5.700	12.200
5.450	12.100
5.350	11.950
5.300	11.700
5.300	11.900
5.450	12.100
POLYLINE BROWN
-1.750	10.150
-1.900	10.100
-1.800	9.950
-1.800	10.100
-1.700	10.000
-1.650	10.100
-0.150	10.100
0.100	9.950
0.300	9.950
0.500	9.900
0.500	9.900
0.600	9.900
0.700	9.800
0.950	9.750
0.950	9.750
1.050	9.700
1.050	9.700
1.300	9.600
1.400	9.500
1.600	9.550
2.050	9.600
2.150	9.650
2.200	9.400
2.200	9.600
2.350	9.600
2.400	9.700
2.850	9.700
3.200	9.800
3.200	9.800
3.550	10.050
3.800	10.500
3.800	10.600
3.950	10.850
4.100	11.000
4.150	11.200
4.250	11.450
4.900	12.400
5.100	12.550
5.150	12.450
5.150	12.600
5.300	12.600
5.300	12.700
6.100	12.700
6.150	12.850
POLYLINE BROWN
-0.800	10.050

ELEVATION
STATIONS
0.000	0.000	1.0
4.290	11.018	1.1
7.848	12.387	1.2
9.797	14.757	1.3
11.598	19.081	1.4
18.038	17.762	1.5
28.520	24.747	1.6
34.238	34.360	1.7
SHOTS
28.520	24.747	34.238	34.360
34.238	34.360	34.291	34.319
34.238	34.360	31.513	34.232
34.238	34.360	34.083	33.351
18.038	17.762	28.520	24.747
28.520	24.747	29.831	24.747
28.520	24.747	27.986	24.747
28.520	24.747	28.520	28.147
28.520	24.747	28.520	23.547
11.598	19.081	18.038	17.762
18.038	17.762	19.675	18.232
18.038	17.762	18.114	21.130
18.038	17.762	17.748	16.749
9.797	14.757	11.598	19.081
7.848	12.387	9.797	14.757
9.797	14.757	9.870	14.757
9.797	14.757	9.795	14.757
9.797	14.757	9.797	17.657
9.797	14.757	9.797	13.257
4.290	11.018	7.848	12.387
7.848	12.387	8.135	12.387
7.848	12.387	7.527	12.387
7.848	12.387	7.848	13.007
0.000	0.000	4.290	11.018
4.290	11.018	4.031	11.018
4.290	11.018	5.263	11.018
4.290	11.018	4.290	12.338
POLYLINE GRAY
29.360	15.735
27.560	16.485
POLYLINE GRAY
24.920	25.555
24.940	25.355
24.980	25.315
25.060	25.295
POLYLINE GRAY
25.000	25.895
24.940	25.635
POLYLINE BLUE
32.520	21.295
32.470	21.195
33.070	20.795
33.370	20.345
POLYLINE BLUE
32.970	21.095
32.920	20.845
33.270	20.395
33.520	19.895
33.770	19.695
33.770	19.545
33.870	19.545
33.970	19.395
34.220	19.245
34.270	18.995
34.270	19.145
34.470	19.045
POLYLINE BLACK
30.420	24.795
30.470	24.645
31.420	23.695
31.520	23.745
31.670	23.645
31.670	23.545
31.820	23.545
31.970	23.395
32.120	23.445
32.420	23.345
32.570	23.045
32.570	23.245
32.920	22.945
32.970	22.795
33.220	22.645
33.420	22.295
33.570	22.195
33.520	22.045
33.620	22.045
33.670	21.895
33.770	21.845
33.870	21.495
33.870	21.695
34.120	21.245
34.120	21.095
34.270	20.945
34.270	20.845
34.370	20.745
34.370	20.595
34.520	20.395
34.470	20.245
34.570	20.045
34.570	19.795
34.670	19.495
34.670	19.595
34.820	19.345
POLYLINE BLACK
30.170	24.795
30.320	25.045
30.870	25.995
31.370	26.745
31.870	27.695
32.020	27.845
32.020	27.995
32.220	28.245
32.620	29.145
32.720	29.395
32.870	29.645
33.020	29.995
33.620	30.845
33.670	30.995
33.770	31.045
33.670	31.145
33.870	31.345
33.920	31.545
34.070	31.795
34.070	31.945
34.370	32.445
34.370	32.695
34.670	33.445
34.720	33.645
34.820	33.795
34.970	33.795
34.820	33.845
35.420	34.445
35.470	34.595
35.470	34.445
35.520	34.595
POLYLINE BLUE
28.800	23.155
28.920	23.125
29.010	23.035
29.100	23.035
29.250	23.005
29.340	22.885
29.400	22.915
29.580	22.825
29.670	22.825
29.820	22.705
29.910	22.705
30.000	22.615
30.180	22.585
30.660	22.255
30.690	22.165
30.750	22.225
30.900	22.105
31.170	21.985
31.500	21.745
31.590	21.715
31.650	21.595
31.740	21.595
31.770	21.505
31.830	21.505
31.980	21.385
32.040	21.385
32.250	21.205
32.340	21.205
32.430	21.115
32.490	21.115
32.670	20.965
POLYLINE BLACK
26.970	25.525
27.000	25.435
27.000	25.645
27.060	25.705
27.060	25.615
27.090	25.705
27.180	25.735
27.120	25.735
27.120	25.675
27.150	25.825
27.210	25.825
27.210	25.915
27.270	26.035
27.270	26.185
27.450	26.635
27.540	26.755
27.600	26.905
27.600	27.265
27.660	27.415
27.660	27.565
27.780	27.925
27.840	28.015
27.960	28.555
27.960	28.705
28.080	29.095
28.290	29.605
28.350	30.175
28.350	30.385
28.470	30.955
28.530	31.075
28.530	31.165
28.560	31.285
28.560	31.375
28.620	31.645
28.620	31.795
28.650	31.975
28.620	32.365
28.560	32.635
28.560	32.935
28.620	32.995
28.650	33.295
28.740	33.505
28.740	33.655
28.800	33.805
28.800	33.895
28.860	34.105
28.860	34.255
28.830	34.375
28.830	34.525
28.830	34.525
POLYLINE BLACK
18.360	21.235
18.540	21.535
18.690	21.625
18.840	21.895
18.840	21.895
18.870	22.075
19.080	22.405
19.230	22.675
19.320	22.795
19.320	22.885
19.410	22.975
19.380	23.035
19.440	23.275
19.530	23.395
19.620	23.545
19.710	23.695
19.800	23.755
19.830	23.875
20.160	24.205
20.340	24.355
20.430	24.355
20.580	24.445
20.880	24.655
21.030	24.685
21.090	24.745
21.330	24.805
21.360	24.715
21.360	24.835
21.420	24.805
21.480	24.835
21.750	24.835
21.810	24.745
21.810	24.745
21.810	24.865
21.870	24.835
22.050	24.925
22.200	24.895
22.320	24.925
22.740	24.925
22.770	24.865
22.800	24.925
23.070	24.955
23.160	24.955
23.220	24.925
23.340	24.955
23.820	24.955
23.880	25.015
24.570	25.015
24.990	25.105
25.080	25.105
25.200	25.135
25.260	25.045
25.230	25.165
25.410	25.195
25.470	25.285
25.620	25.315
25.680	25.375
25.800	25.375
25.860	25.345
25.890	25.405
26.100	25.405
26.220	25.435
26.280	25.435
26.310	25.375
26.340	25.435
26.460	25.405
26.580	25.375
26.730	25.405
26.820	25.405
26.880	25.375
POLYLINE BLUE
19.770	18.145
19.830	18.115
20.100	18.115
20.280	18.175
20.340	18.145
20.580	18.265
20.940	18.325
21.090	18.415
21.180	18.415
21.240	18.475
21.360	18.475
21.450	18.595
21.690	18.685
21.960	18.865
22.110	18.955
22.140	19.015
22.200	19.015
22.560	19.225
22.590	19.285
22.770	19.375
22.890	19.465
22.950	19.465
23.100	19.555
23.160	19.525
23.190	19.435
23.340	19.585
23.490	19.675
23.730	20.035
23.790	20.245
23.850	20.335
23.850	20.395
23.880	20.335
23.880	20.455
24.150	20.725
24.390	21.085
24.450	21.145
24.540	21.145
24.570	21.235
24.720	21.325
24.840	21.415
24.900	21.415
24.990	21.475
25.050	21.445
25.110	21.505
25.260	21.535
25.560	21.715
25.620	21.805
25.710	21.805
25.830	21.925
26.100	22.075
26.130	22.135
26.640	22.405
26.730	22.405
26.850	22.495
26.940	22.495
27.060	22.585
27.150	22.585
27.150	22.615
27.300	22.675
27.360	22.735
27.420	22.705
27.480	22.735
27.510	22.675
27.510	22.795
27.690	22.795
27.750	22.855
27.990	22.885
28.080	22.945
28.170	22.945
28.170	23.005
28.680	23.155
28.710	23.065
28.710	23.065
28.710	23.155
POLYLINE BLACK
18.000	16.825
18.180	17.005
18.390	17.155
18.480	17.155
18.510	17.245
19.140	17.665
19.230	17.755
19.320	17.755
19.350	17.845
19.440	17.845
19.500	17.935
19.560	17.935
19.620	18.055
19.680	18.025
19.740	18.145
19.860	18.175
POLYLINE BLACK
11.880	21.385
12.030	21.505
12.240	21.505
12.690	21.625
12.840	21.595
13.440	21.535
13.740	21.475
13.890	21.475
14.010	21.385
14.070	21.385
14.310	21.265
14.400	21.115
14.460	21.205
14.610	21.175
14.910	21.175
15.000	21.145
15.330	21.145
15.660	21.175
15.720	21.205
15.810	21.175
15.900	21.205
16.080	21.205
16.440	21.265
16.830	21.265
16.980	21.205
17.040	21.115
17.160	21.145
17.280	21.055
17.370	21.085
17.640	21.055
18.000	21.055
18.060	21.085
18.000	21.025
18.000	21.085
POLYLINE BLACK
9.900	17.605
9.900	17.605
9.960	17.875
10.050	17.875
10.020	17.995
10.110	18.115
10.170	18.295
10.260	18.415
10.470	18.775
10.530	18.805
10.650	19.105
10.740	19.135
10.740	19.225
10.860	19.495
10.920	19.555
10.950	19.705
11.040	19.825
11.100	19.975
11.160	20.035
11.190	20.185
11.280	20.245
11.220	20.245
11.250	20.365
11.370	20.575
11.460	20.605
11.520	20.755
11.520	20.695
11.550	20.875
11.550	21.085
11.610	21.085
11.640	21.175
11.640	21.085
11.700	21.235
11.760	21.295
POLYLINE BLUE
11.880	17.995
11.760	17.845
11.760	17.845
11.760	17.785
11.850	17.755
11.850	17.695
11.970	17.575
12.030	17.605
12.120	17.575
12.150	17.515
12.270	17.515
12.330	17.395
12.360	17.455
12.450	17.425
12.450	17.365
12.510	17.395
12.900	17.275
12.840	17.275
13.050	17.185
13.110	17.065
13.170	17.125
13.410	17.005
13.500	17.005
13.620	16.915
13.920	16.855
13.980	16.885
14.220	16.825
14.280	16.855
14.340	16.795
14.430	16.825
14.580	16.795
14.670	16.795
14.880	16.735
15.000	16.735
15.180	16.705
15.390	16.705
15.570	16.645
15.750	16.675
16.020	16.675
16.230	16.705
16.290	16.675
16.620	16.735
16.770	16.705
16.980	16.705
16.980	16.735
17.070	16.735
17.070	16.645
17.070	16.765
17.250	16.735
17.550	16.735
17.670	16.765
POLYLINE BLUE
9.990	13.315
10.140	13.525
10.230	13.585
10.170	13.615
10.290	13.945
10.290	14.035
10.380	14.305
10.470	14.365
10.410	14.395
10.410	14.485
10.560	14.935
10.590	15.085
10.650	15.145
10.650	15.235
10.680	15.295
10.680	15.415
10.740	15.475
10.740	15.625
10.770	15.745
10.800	15.925
10.830	16.045
10.830	16.195
10.920	16.465
10.980	16.555
10.980	16.705
11.100	17.035
11.160	17.035
11.160	17.125
11.310	17.455
11.370	17.515
11.370	17.575
11.460	17.605
11.430	17.545
11.430	17.665
11.610	17.725
11.550	17.725
11.550	17.725
11.550	17.725
11.550	17.665
11.520	17.725
11.520	17.725
11.520	17.725
11.520	17.605
11.550	17.725
11.520	17.665
POLYLINE BLACK
7.920	13.195
7.920	13.195
7.920	13.255
7.980	13.285
8.010	13.375
8.070	13.405
8.160	13.555
8.250	13.675
8.430	14.065
8.700	14.455
8.700	14.515
8.790	14.605
8.940	14.875
8.940	14.935
9.090	15.145
9.090	15.295
9.120	15.445
9.270	15.655
9.270	15.745
9.390	16.135
9.390	16.285
9.450	16.555
9.510	16.825
9.630	16.945
9.570	17.005
9.630	17.155
9.690	17.215
9.660	17.305
9.750	17.515
9.840	17.515
9.810	17.605
POLYLINE BLACK
8.130	12.085
8.130	12.085
8.220	12.145
8.220	12.025
8.220	12.175
8.370	12.175
8.700	12.415
8.760	12.415
8.850	12.475
8.910	12.475
9.090	12.685
9.150	12.685
9.300	12.895
9.390	12.895
9.720	13.225
9.780	13.135
9.780	13.285
9.870	13.315
9.870	13.375
9.870	13.375
POLYLINE BLACK
5.265	-0.930
5.175	-1.080
5.205	-1.170
5.175	-1.320
5.175	-1.350
5.175	-1.110
5.145	-0.990
5.205	-0.810
5.355	-0.720
5.445	-0.840
5.445	-0.960
5.355	-1.140
5.415	-1.290
5.535	-1.260
5.805	-1.380
POLYLINE BLACK
4.635	-1.020
4.575	-1.140
4.575	-1.050
4.485	-1.170
4.485	-1.230
4.695	-1.410
4.785	-1.410
4.905	-1.350
4.935	-1.290
4.935	-1.110
4.845	-0.960
4.755	-0.930
4.605	-0.930
4.515	-1.020
POLYLINE BLACK
4.005	-1.080
3.855	-1.080
3.825	-1.260
3.915	-1.410
4.035	-1.470
4.215	-1.410
4.305	-1.290
4.305	-1.200
4.185	-1.020
4.005	-0.930
3.855	-1.020
POLYLINE BLACK
3.405	-1.020
3.315	-1.020
3.315	-1.230
3.255	-1.410
3.705	-1.440
POLYLINE BLACK
2.595	-1.320
2.565	-1.260
2.715	-1.200
2.865	-1.200
2.955	-1.170
POLYLINE BLACK
2.475	-1.080
3.015	-0.900
3.105	-0.990
POLYLINE BLACK
2.655	-1.080
2.595	-1.080
2.595	-1.200
2.625	-1.410
2.625	-1.590
POLYLINE BLACK
1.425	-1.350
1.635	-1.290
1.725	-1.320
1.935	-1.290
POLYLINE BLACK
1.725	-1.080
1.635	-1.080
1.605	-1.140
1.485	-1.170
1.425	-1.290
1.425	-1.470
1.905	-1.560
1.965	-1.560
POLYLINE BLACK
1.275	-0.990
1.155	-1.080
1.095	-1.080
0.915	-1.200
0.855	-1.380
0.885	-1.440
1.125	-1.530
1.305	-1.530
POLYLINE BLACK
0.705	-1.020
0.645	-1.290
0.645	-1.470
0.705	-1.440
0.735	-1.560
POLYLINE BLACK
-0.255	-0.390
-0.285	-0.330
-0.255	-0.300
-0.285	-0.450
-0.345	-0.420
-0.345	-0.360
-0.225	-0.180
-0.135	-0.330
-0.165	-0.390
-0.105	-0.390
-0.075	-0.330
-0.015	-0.360
POLYLINE BLACK
-0.255	-0.570
-0.225	-0.630
-0.195	-0.510
-0.225	-0.450
-0.075	-0.360
-0.015	-0.300
-0.045	-0.480
0.015	-0.480
-0.015	-0.420
0.015	-0.300
0.075	-0.270
0.195	-0.270
0.285	-0.300
0.255	-0.240
0.285	-0.180
0.465	-0.300
0.615	-0.300
0.615	-0.240
0.705	-0.210
0.795	-0.300
0.855	-0.150
0.945	-0.090
1.005	-0.090
1.035	-0.180
1.035	-0.090
1.125	-0.090
1.245	-0.030
1.335	0.060
1.395	0.000
1.635	0.120
1.695	0.120
1.755	0.000
1.935	0.150
2.085	0.090
2.295	0.120
2.445	0.090
2.535	0.210
2.535	0.150
2.775	0.090
POLYLINE BLACK
5.205	10.410
5.145	10.290
5.145	10.380
4.965	10.200
4.875	9.990
4.575	9.240
4.485	9.000
4.485	8.910
4.425	8.850
4.365	8.520
4.365	8.370
4.275	8.070
4.155	7.860
4.155	7.740
4.005	7.500
3.975	7.260
3.915	7.140
3.885	6.960
3.795	6.720
3.795	6.510
3.735	6.450
3.735	6.330
3.555	5.880
3.555	5.790
3.495	5.730
3.495	5.580
3.345	5.220
3.345	5.130
3.195	4.680
3.135	4.590
3.015	3.930
3.015	3.840
2.925	3.600
2.955	3.570
2.895	3.390
2.925	3.330
2.865	3.180
2.955	3.090
2.895	3.030
2.895	2.880
2.775	2.490
2.775	2.400
2.805	2.340
2.805	2.190
2.895	1.920
2.895	1.680
2.835	1.500
2.865	1.350
2.865	1.260
2.835	1.110
2.805	0.990
2.835	0.780
2.835	0.600
2.805	0.540
2.835	0.480
2.775	0.390
2.805	0.300
2.805	0.060
2.745	-0.090
2.745	-0.090
POLYLINE BLACK
2.685	11.070
2.325	10.380
2.205	10.230
2.175	10.020
2.175	9.930
2.085	9.570
1.755	8.640
1.725	8.460
1.575	8.220
1.545	8.100
1.575	8.040
1.575	7.770
1.605	7.650
1.545	7.560
1.545	7.500
1.485	7.380
1.455	7.200
1.395	6.960
1.335	6.870
1.335	6.780
1.245	6.630
1.215	6.390
1.215	6.240
1.125	5.970
1.125	5.820
0.945	5.400
0.885	5.340
0.885	5.280
0.945	5.220
0.855	5.190
0.855	4.920
0.795	4.770
0.735	4.710
0.735	4.620
0.645	4.500
0.645	4.410
0.525	4.080
0.525	3.990
0.435	3.870
0.435	3.810
0.285	3.480
0.285	3.330
0.195	3.000
0.135	2.610
0.045	2.400
0.015	2.010
-0.045	1.890
-0.045	1.560
-0.075	1.230
-0.075	1.140
-0.105	1.080
-0.075	1.020
-0.135	0.810
-0.075	0.660
-0.165	0.630
-0.165	0.360
-0.225	0.300
-0.255	0.030
-0.255	-0.060
-0.345	-0.270
-0.345	-0.360
-0.285	-0.360
POLYLINE BLACK
2.715	11.190
2.715	11.190
POLYLINE BLACK
4.545	12.270
4.485	12.210
4.335	12.300
4.125	12.210
4.065	12.090
3.885	12.090
3.825	12.000
3.675	11.910
3.615	11.910
3.405	11.760
3.285	11.610
3.135	11.610
3.015	11.400
2.835	11.250
2.775	11.250
2.685	11.160
2.715	11.100
2.685	11.010
POLYLINE BLACK
7.935	12.270
7.935	12.240
7.875	12.210
7.875	12.150
7.815	12.150
7.605	11.970
7.545	11.970
7.515	11.850
7.515	11.940
7.395	11.910
7.365	11.820
7.335	11.910
7.275	11.910
7.215	11.820
7.155	11.820
7.125	11.700
7.095	11.790
7.035	11.700
7.005	11.760
6.675	11.640
6.495	11.520
6.255	11.460
6.225	11.370
6.075	11.370
5.985	11.310
5.745	11.280
5.565	11.160
5.415	11.160
5.325	10.980
5.355	11.070
5.325	10.980
5.325	11.070
5.265	10.890
5.265	10.980
5.295	10.890
5.265	10.800
5.265	10.890
5.295	10.800
5.205	10.770
5.145	10.560
5.115	10.560
5.115	10.320
POLYLINE BLACK
4.305	12.270
4.545	12.390
4.965	12.450
5.025	12.390
5.115	12.450
5.205	12.450
5.475	12.540
5.565	12.510
5.625	12.570
5.805	12.600
6.105	12.660
6.195	12.660
6.405	12.750
6.495	12.750
6.675	12.840
6.855	12.870
7.065	12.930
7.275	12.930
7.335	12.960
7.485	12.930
7.575	12.960
7.605	12.870
7.605	12.990
7.785	13.020
7.845	13.020
7.875	13.110
