vaso1   (m, 360)

[1]: 2010/09/30     0.00  "barny\r\r"


     1.0                   0.000    0.00    0.00         
     1.1         1.0      12.753  106.80  -48.76  [1]    "reverse shot 1.0 to 1.1"
     1.1         1.0      12.753  106.66  -48.50  [1]    
     1.1         1.0      12.775  106.97  -48.83  [1]    
     1.1                   2.366  205.21   -3.40  [1]    
     1.1                  17.587  219.28   60.61  [1]    
     1.1                   1.446  172.28  -85.93  [1]    
     1.1                   0.593   42.29   -2.83  [1]    
     1.1         1.2       7.206  301.27    8.98  [1]    
     1.1         1.2       7.198  300.83    8.98  [1]    
     1.1         1.2       7.202  300.95    9.11  [1]    
     1.2                  11.063  247.71   68.79  [1]    
     1.2                   0.990   48.36    3.41  [1]    
     1.2                   3.346  210.82   13.54  [1]    
     1.2                   0.879   79.94  -78.81  [1]    
     1.2         1.3       7.260  332.00  -28.54  [1]    
     1.2         1.3       7.259  331.85  -29.00  [1]    
     1.2         1.3       7.259  332.01  -28.59  [1]    
     1.3                   1.624  240.23    3.85  [1]    
     1.3                   1.014   28.64    8.78  [1]    
     1.3                  11.713  261.24   65.43  [1]    
     1.3                   0.757  288.70  -63.89  [1]    
     1.3         1.4       9.991  300.77  -10.61  [1]    
     1.3         1.4       9.980  300.75  -10.60  [1]    
     1.3         1.4       9.974  300.46  -10.74  [1]    
     1.4                   8.740  182.98   79.33  [1]    
     1.4                   3.070   67.26    9.33  [1]    
     1.4                   2.189   80.82  -73.19  [1]    
     1.4         1.5      22.021  220.39  -78.12  [1]    
     1.4         1.5      22.008  219.95  -78.04  [1]    
     1.4         1.5      22.015  220.59  -77.92  [1]    
     1.5                  12.662  135.29   24.30  [1]    
     1.5                   1.756  225.65    8.82  [1]    
     1.5                   0.981   55.20   18.61  [1]    
     1.5                   1.519  330.62    0.84  [1]    
     1.5         1.6      26.827  293.43  -81.78  [1]    
     1.5         1.6      26.807  293.19  -81.67  [1]    
     1.5         1.6      26.801  293.87  -81.81  [1]    
     1.6                  19.115  305.92   42.23  [1]    
     1.6                  16.404   38.60   88.12  [1]    
     1.6                   1.043  237.22    4.28  [1]    
     1.6                   1.093   47.17    6.23  [1]    
     1.6                   6.999  141.62    3.81  [1]    
     1.6                  13.790  137.21   57.72  [1]    
