Big ben   (m, 360)
  
  
     1.53                  0.000    0.00    0.00  [3]    
     1.53        1.54     11.490   14.73  -70.90  [3]    
     1.53        1.54     11.470   15.27  -70.74  [3]    
     1.53        1.54     11.480   14.64  -70.61  [3]    
     1.54                  1.760  240.88    0.74  [3]    
     1.54                  1.520   56.52    4.58  [3]    
     1.54                  6.220   14.17   85.53  [3]    
     1.54                  1.610  137.94   -3.39  [3]    
     1.54        1.55      3.590  331.18    4.85  [3]    
     1.54        1.55      3.590  331.08    4.82  [3]    
     1.54        1.55      3.580  331.23    4.87  [3]    
     1.55                  0.610  237.93    3.29  [3]    
     1.55                  0.230   47.20    5.50  [3]    
     1.55                  2.200  331.84  -87.76  [3]    
     1.55                  1.600  144.29   83.96  [3]    
     1.55        1.56      2.480  275.51  -60.07  [3]    
     1.55        1.56      2.490  275.81  -60.06  [3]    
     1.55        1.56      2.490  276.07  -59.90  [3]    
     1.56                  0.840   61.97  -10.83  [3]    
     1.56                  0.490   61.14  -83.41  [3]    
     1.56                  0.620  352.80   80.73  [3]    
     1.56        1.57      4.220  351.96    2.84  [3]    
     1.56        1.57      4.220  351.66    2.93  [3]    
     1.56        1.57      4.180  351.85    2.79  [3]    
     1.57                  0.250  261.96    7.16  [3]    
     1.57                  0.240   62.28   -3.29  [3]    
     1.57                  1.130  194.58  -82.86  [3]    
     1.57                  0.820    2.41   84.49  [3]    
     1.57        1.58      2.000  356.22   -6.16  [3]    
     1.57        1.58      2.000  356.27   -5.92  [3]    
     1.57        1.58      2.000  356.33   -5.91  [3]    
     1.58                  0.380   86.64   -4.67  [3]    
     1.58                  0.180  254.57   10.65  [3]    
     1.58                  0.900   47.44   84.63  [3]    
     1.58                  1.570  247.16  -89.34  [3]    
     1.58        1.59      3.340  323.31  -42.05  [3]    
     1.58        1.59      3.340  323.30  -42.07  [3]    
     1.58        1.59      3.340  323.25  -42.06  [3]    
     1.59        1.60      1.940   35.35    4.41  [3]    
     1.59        1.60      1.950   34.93    4.56  [3]    
     1.59        1.60      1.950   34.85    4.55  [3]    
     1.60                  0.500  259.34    7.92  [3]    
     1.60                  0.940  164.76  -84.75  [3]    
     1.60                  2.520  351.89   81.07  [3]    
     1.60        1.61      1.350  317.99  -22.47  [3]    
     1.60        1.61      1.350  317.94  -22.40  [3]    
     1.60        1.61      1.360  317.93  -22.31  [3]    
     1.61        1.62      1.530  358.07  -28.56  [3]    
     1.61        1.62      1.550  358.21  -28.59  [3]    
     1.61        1.62      1.550  358.31  -28.68  [3]    
     1.62                  0.260   55.88   -4.61  [3]    
     1.62                  0.310  256.95    3.86  [3]    
     1.62                  0.890  192.78  -83.80  [3]    
     1.62                  2.570  306.27   84.47  [3]    
     1.62        1.63      4.290  333.14  -51.49  [3]    
     1.62        1.63      4.290  333.20  -51.41  [3]    
     1.62        1.63      4.280  333.35  -51.16  [3]    
     1.63                  1.180   71.82   -2.24  [3]    
     1.63                  3.410  353.73   -2.17  [3]    
     1.63                  2.580  163.65   -3.63  [3]    
     1.63                  4.910   77.15   85.26  [3]    
     1.63                 10.870  298.56  -83.30  [3]    
     1.63        1.64     14.520  346.56  -70.35  [3]    
     1.63        1.64     14.470  346.56  -71.41  [3]    
     1.63        1.64     14.510  346.98  -71.10  [3]    
     1.64                  1.190   54.96   -3.64  [3]    
     1.64                  1.940   33.96  -86.80  [3]    
     1.64                  7.980  174.11   88.21  [3]    
     1.64        1.65      5.700  333.19  -23.68  [3]    
     1.64        1.65      5.710  333.45  -23.57  [3]    
     1.64        1.65      5.730  333.70  -23.47  [3]    
     1.65                  0.690  237.78    1.05  [3]    
     1.65                  6.280  192.79   85.91  [3]    
     1.65                  5.180  258.65  -86.80  [3]    
     1.65        1.66      6.600  315.64  -53.14  [3]    
     1.65        1.66      6.600  315.63  -53.05  [3]    
     1.65        1.66      6.600  315.31  -53.15  [3]    
     1.66                  0.520   58.05  -11.51  [3]    
     1.66                  6.230   45.02  -88.21  [3]    
     1.66                  7.400   68.83   88.76  [3]    
     1.66        1.67      9.600    8.42  -41.35  [3]    
     1.66        1.67      9.600    8.51  -42.06  [3]    
     1.66        1.67      9.580    8.71  -42.95  [3]    
     1.68        1.67      3.810  322.05  -51.95  [3]    
     1.68        1.67      3.820  321.96  -51.72  [3]    
     1.68        1.67      3.810  321.92  -51.89  [3]    
     1.68        1.69      1.770  249.52   18.89  [3]    
     1.68        1.69      1.780  249.34   18.84  [3]    
     1.68        1.69      1.780  249.37   18.93  [3]    
     1.69        1.70      3.910  177.72  -53.93  [3]    
     1.69        1.70      3.950  177.53  -54.01  [3]    
     1.69        1.70      3.960  177.16  -54.20  [3]    
     1.70                  0.670   85.05    2.62  [3]    
     1.70                  2.300  172.88  -12.44  [3]    
     1.70                  0.690  260.44   -4.52  [3]    
     1.70                  5.540  354.77   -7.63  [3]    
     1.70                  3.530  190.33   84.40  [3]    
     1.70                  5.340  100.78  -84.94  [3]    
     1.70        1.71      6.670  316.65  -83.68  [3]    
     1.70        1.71      6.650  316.31  -83.62  [3]    
     1.70        1.71      6.670  316.70  -83.70  [3] 
     1.71        1.72      0.000  00.000   00.00  [3]   
     1.72                  1.380   61.84   -5.30  [3]    
     1.72                  1.300  144.74   -0.20  [3]    
     1.72                  2.430  332.74   -0.88  [3]    
     1.72                  1.110   37.18  -86.54  [3]    
     1.72                  4.610  154.69   87.02  [3]    
     1.72        1.73      4.170  338.93  -39.45  [3]    
     1.72        1.73      4.160  338.81  -39.46  [3]    
     1.72        1.73      4.150  338.96  -39.44  [3]    
     1.73                  0.480  247.78    4.25  [3]    
     1.73                  4.620   91.25  -84.42  [3]    
     1.73                  3.760  304.73  -15.79  [3]    
     1.73        1.74     21.740  314.32  -66.58  [3]    
     1.73        1.74     21.730  314.15  -66.52  [3]    
     1.73        1.74     21.740  314.08  -66.44  [3]    
     1.74                  8.630  240.16  -69.83  [3]    
     1.74        1.75      4.250  212.56   34.85  [3]    
     1.74        1.75      4.210  212.58   34.85  [3]    
     1.74        1.75      4.320  212.67   35.05  [3]    
     1.75        1.76      2.690  317.68   -9.88  [3]    
     1.75        1.76      2.680  317.62   -9.96  [3]    
     1.75        1.76      2.670  317.32   -9.66  [3]    
     1.76                  0.530   46.48   -4.02  [3]    
     1.76                  0.290  230.45    0.57  [3]    
     1.76                  2.760  247.71   87.68  [3]    
     1.76                 14.150  301.24  -87.54  [3]    
     1.76                 17.410  336.46  -80.17  [3]    
     1.76        1.77     25.020  104.63  -84.74  [3]    
     1.77        1.78      6.970   41.71  -36.32  [3]    
     1.77        1.78      6.960   41.54  -36.34  [3]    
     1.77        1.78      6.970   41.46  -36.19  [3]    
     1.78                 12.890   81.36  -65.35  [3]    
     1.78                  3.570   96.19   -0.44  [3]    
     1.78                  0.760  176.80    1.01  [3]    
     1.78                  0.270  353.19    4.19  [3]    
     1.78                  0.920  272.98   -7.75  [3]    
     1.78                  6.830  145.32   86.00  [3]    
