madhe ben   (m, 360)

[1]: 2010/09/23     0.00  
[2]: 2003/05/17     0.00  


     1.0                   0.000    0.00    0.00         
     1.0         1.1      24.296   56.21  -71.42  [1]    
     1.0         1.1      24.300   56.30  -71.45  [1]    
     1.0         1.1      24.300   56.15  -71.41  [1]    
     1.1                  10.374  227.53   76.88  [1]    
     1.1                   0.419   57.82  -86.25  [1]    
     1.1                   4.975  223.37   13.20  [1]    
     1.1                   0.545   92.93   19.75  [1]     
     1.1         1.2       3.235  167.79    7.89  [1]    
     1.1         1.2       3.219  167.71    7.86  [1]    
     1.1         1.2       3.222  167.61    7.89  [1]    
     1.2         1.3       9.808   87.89  -76.92  [1]    
     1.2         1.3       9.807   87.95  -76.87  [1]    
     1.2         1.3       9.829   87.84  -76.83  [1]    
     1.2                   2.996  115.85    4.13  [1]    
     1.2                   4.404  313.29    4.71  [1]    
     1.2                   9.448  231.50   80.80  [1]    
     1.2                   9.050  147.52  -85.00  [1]       
     1.3                   1.974  255.03    6.66  [1]    
     1.3                   2.732   56.69  -11.00  [1]    
     1.3                  14.244  244.65   84.05  [1]    
     1.3                   1.781  339.63  -85.89  [1]    
     1.3         1.4       4.519   51.50  -40.56  [1]    
     1.3         1.4       4.523   51.40  -40.57  [1]    
     1.3         1.4       4.514   51.27  -40.46  [1]    
     1.4                   2.544  155.45   -4.98  [1]    
     1.4                   1.274  296.44    2.58  [1]    
     1.4                  13.164   60.66  -84.08  [1]    
     1.4         1.5      12.643  101.23  -83.62  [1]    
     1.4         1.5      12.677  100.52  -83.57  [1]    
     1.4         1.5      12.649  100.66  -83.53  [1]    
     1.5                   3.617  269.61    8.49  [1]    
     1.5                   1.136  344.87   -4.20  [1]    
     1.5                   2.790   66.31  -12.23  [1]    
     1.5                   1.441  334.76  -81.56  [1]    
     1.5                   8.828   55.81   85.26  [1]    
     1.5         1.6       4.589   67.88  -34.58  [1]    
     1.5         1.6       4.579   67.84  -34.58  [1]    
     1.5         1.6       4.582   67.71  -34.52  [1]    
     1.6                   2.525  324.06   -5.92  [1]    
     1.6                   1.030  169.45    4.91  [1]    
     1.6                   1.074  168.28  -79.34  [1]    
     1.6         1.22     11.386   38.80  -69.88  [1]    
     1.6         1.22     11.384   38.72  -69.89  [1]    
     1.6         1.22     11.390   38.77  -69.94  [1]    
     1.22                  1.479  147.77   -4.74  [1]    
     1.22                  1.882    2.86   -2.17  [1]    
     1.22                  1.371   70.89   -2.16  [1]    
     1.22                  3.249  220.17    7.15  [1]    
     1.22        1.23     28.721   67.00  -77.70  [1]    
     1.22        1.23     28.727   66.98  -77.71  [1]    
     1.22        1.23     28.716   66.67  -77.71  [1]    
     1.23                  0.549   61.47    1.24  [1]    
     1.23                  3.346  255.86    4.95  [1]    
     1.23                  4.951  296.83   18.34  [1]    
     1.23        1.24      3.250  185.15   48.84  [1]    
     1.23        1.24      3.254  185.31   48.84  [1]    
     1.23        1.24      3.260  185.18   48.81  [1]    
     1.24                  1.148   61.96   -4.78  [1]    
     1.24                  2.923   58.78   78.76  [1]    
     1.24                  2.295  288.54  -87.11  [1]    
     1.24        1.25      8.874  103.64  -74.24  [1]      
     1.24        1.26      7.834  132.30   -3.85  [1]    
     1.24        1.26      7.828  132.42   -4.03  [1]    
     1.24        1.26      7.859  132.37   -4.02  [1]    
     1.26                  0.132   39.66   -2.19  [1]    
     1.26                  4.837  233.00    7.77  [1]    
     1.26                 28.396  220.06   74.75  [1]    
     1.26        1.27      2.984  143.79   -5.30  [1]    
     1.26        1.27      2.995  143.70   -5.36  [1]    
     1.26        1.27      2.977  143.68   -5.23  [1]    
     1.27                  0.855   37.61   12.07  [1]    
     1.27                  5.461   38.36  -82.29  [1]    
     1.27                  3.331  142.06   76.76  [1]    
     1.27        1.28     19.892   47.16  -72.45  [1]    
     1.27        1.28     19.896   47.50  -72.46  [1]    
     1.27        1.28     19.890   46.88  -72.47  [1]    
     1.28                  0.730  135.39   16.25  [1]    
     1.28                  5.825   75.46   89.16  [1]    
     1.28                  1.865   74.62  -89.05  [1]    
     1.28        1.29      0.800  156.10  -43.10  [1]    
     1.28        1.29      0.801  155.51  -43.00  [1]    
     1.28        1.29      0.801  155.42  -43.41  [1]    
     1.29                  0.598  323.25   -9.83  [1]    
     1.29                  4.971   11.68   80.60  [1]    
     1.29        1.30      8.290   59.07  -57.60  [1]    
     1.29        1.30      8.294   59.27  -57.62  [1]    
     1.29        1.30      8.292   59.16  -57.62  [1]    
     1.30                  6.920  207.27   77.55  [2]    
     1.30                  1.350  318.05  -85.05  [2]    
     1.30                  2.960  223.97    1.65  [2]    
     1.30        1.31      7.260  151.66  -24.81  [2]    
     1.30        1.31      7.260  151.96  -25.07  [2]    
     1.30        1.31      7.240  151.90  -24.93  [2]    
     1.31                  2.860   74.70   82.86  [2]    
     1.31                  1.620   16.73  -78.77  [2]    
     1.31                  0.610   52.94    9.84  [2]    
     1.31        1.32      8.900  145.85  -22.64  [2]    
     1.31        1.32      8.860  145.96  -22.63  [2]    
     1.31        1.32      8.870  146.15  -22.57  [2] 
     1.32                 18.160  167.33   74.32  [2]    
     1.32                  0.740  221.96    7.19  [2]    
     1.32                  2.490  245.80  -77.05  [2]  
     1.32        1.33      3.900  164.06  -52.44  [2]    
     1.32        1.33      3.900  164.15  -52.50  [2]    
     1.32        1.33      3.900  164.09  -52.45  [2]      
     1.33        1.34     16.900  118.38  -85.81  [2]    
     1.33        1.34     16.920  115.85  -85.61  [2]    
     1.33        1.34     16.920  116.46  -85.53  [2]    
     1.34                 38.590  202.59   85.65  [2]    
     1.34                  0.940  252.47  -79.48  [2]    
     1.34                  2.820   63.08   -0.01  [2]    
     1.34                  4.620  241.66   -1.43  [2]    
     1.34                  3.100  118.72    6.82  [2]    
     1.34                  4.880   22.74   -3.67  [2]    
     1.34                  7.120  353.84   -1.36  [2]    
     1.34                  4.990  337.15   -0.29  [2]    
     1.34                  1.130  311.18   -0.03  [2]    
     1.34                  2.200  273.26   -1.35  [2]    
     1.34                  1.290  207.25    6.83  [2]    
     1.34                  1.290  208.33    7.04  [2]    
     1.34        1.35      3.850  238.50  -20.55  [2]    
     1.34        1.35      3.850  238.30  -20.54  [2]    
     1.34        1.35      3.850  238.47  -20.56  [2]    
     1.35                  8.470  331.55   17.32  [2]    
     1.35                 18.900  301.35   84.78  [2]    
     1.35                  0.590  206.54    3.51  [2]    
     1.35        1.36      5.420  119.79    2.39  [2]    
     1.35        1.36      5.410  119.90    2.32  [2]    
     1.35        1.36      5.410  119.77    2.38  [2]    "tight meaning rift \r"    
     1.34        1.35      9.120   41.52  -49.92  [2]    
     1.34        1.35      9.150   41.76  -50.13  [2]    
     1.34        1.35      9.100   41.69  -50.05  [2]    
     1.35                 20.030  249.27   77.72  [2]    
     1.35                  8.290  308.74   49.08  [2]    
     1.35                  3.350  229.56    7.44  [2]    
     1.35                  0.330   52.70   13.85  [2]    
     1.35        1.36      9.520  137.55  -36.07  [2]    
     1.35        1.36      9.510  137.66  -36.08  [2]    
     1.35        1.36      9.520  137.42  -36.02  [2]    
     1.36                  0.880  168.68   73.98  [2]    
     1.36                  1.410   32.57  -73.52  [2]    
     1.36                  0.490   57.27  -19.21  [2]    
     1.36        1.37      8.250  115.09  -57.94  [2]    
     1.36        1.37      8.250  114.76  -58.09  [2]    
     1.36        1.37      8.260  115.15  -58.15  [2]    
     1.37                  3.520  175.18   87.26  [2]    
     1.37                  5.180  222.78   70.94  [2]    
     1.37                  0.320  261.62  -61.88  [2]    
     1.37                  0.360   75.46   -0.02  [2]    
     1.37                  0.550  239.88    1.39  [2]    
     1.37        1.38      2.590  158.81   -4.18  [2]    
     1.37        1.38      2.540  159.14   -3.86  [2]    
     1.37        1.38      2.580  159.18   -4.29  [2]    
     1.38                  2.990  267.49   78.70  [2]    
     1.38                  0.680   63.30  -68.89  [2]    
     1.38                  0.630   69.60    2.51  [2]    
     1.38                  1.010  242.23   -1.29  [2]    
     1.38        1.39      7.510  134.79  -73.72  [2]    
     1.38        1.39      7.510  134.99  -73.86  [2]    
     1.39                  3.730  140.97   -3.29  [2]    
     1.39                  6.410  128.98   -7.54  [2]    
     1.39                  7.460  131.06   -4.73  [2]    
     1.39                  2.050  167.12   -6.47  [2]    
     1.39                  2.790  112.29  -15.70  [2]    
     1.39                  2.720  111.58  -14.88  [2]    
     1.39        1.40      5.100  143.81  -59.76  [2]    
     1.39        1.40      5.100  142.89  -59.83  [2]    
     1.39        1.40      5.100  142.85  -60.05  [2]    
     1.40                  7.810   63.45   83.57  [2]    
     1.40                  3.210   69.85  -77.00  [2]    
     1.40                  1.460   36.99   -3.22  [2]    
     1.40                  0.390  208.45   19.40  [2]    
     1.40                  1.880  335.32   -5.81  [2]    
     1.40                  4.560  112.07   -7.16  [2]    
     1.40                  7.790   76.15   -3.02  [2]    
     1.40                  1.750   66.58   -1.08  [2]    
     1.40                  3.460  110.23  -60.79  [2]    
     1.40                  6.930  110.28  -60.79  [2]    
     1.40                  3.470  110.60  -60.78  [2]    
     1.40                 14.360  283.97   79.76  [2]    
     1.40                  1.810   72.78  -81.63  [2]    
     1.40                  0.950   30.34    2.08  [2]    
     1.40                  0.390  217.35   24.38  [2]    
     1.40                  1.960  305.76    7.93  [2]    
     1.40                  3.160   64.53    4.75  [2]    
     1.40                  3.650  110.33   -4.74  [2]    
     1.40        1.41      3.510  105.39  -17.27  [2]    
     1.40        1.41      3.500  105.19  -17.20  [2]    
     1.40        1.41      3.500  105.19  -17.28  [2]    
     1.41                  6.550  205.74   69.32  [2]    
     1.41                  2.800  300.77  -84.31  [2]    
     1.41                  0.760  241.53   -6.08  [2]    
     1.41                 22.180  125.12  -78.54  [2]    
     1.41                 32.210  130.80  -76.27  [2]        
  
