mencuri   (m, 360)

1.0 6.78 137.62 37.13
1.0 1.1 2.59 266.14 37.08
1.1 0.41 210.57 6.93
1.1 1.08 18.36 8.16
1.1 0.66 325.64 67.53
1.1 0.81 38 -74.86
1.1 1.2 6.83 298.89 31.27
1.2 3.79 250.64 48.52
1.2 1.85 296.86 6.23
1.2 0.76 146.21 -1.24
1.2 1.3 3.94 1.79 -36.97
1.3 1.21 346.78 14.65
1.3 0.39 348.1 79.93
1.3 0.45 161.75 18.1
1.3 1.4 3.34 54.04 -13.12
1.4 3.21 320.39 33.11
1.4 1.48 140.4 4.97
1.4 2.42 81.84 76.95
1.4 1.17 135.75 -68.05
1.4 1.5 8.45 53.12 -25.75
1.5 6.09 168.88 -5.48
1.5 5.32 194.19 1.29
1.5 5.76 95.59 -7.53
1.5 2.93 14.06 7.92
1.5 2.43 153.9 79.12
1.5 4.56 292.42 28.77
1.3 2.0 0 0 0
2.0 2.1 1.47 77.54 6.05
2.1 2.2 4.25 308.37 40.83
2.2 1.66 47.2 60.89
2.2 4.75 21.34 19.65
2.2 4.65 219.2 26.09
2.2 0.79 47.16 15.25
2.2 2.3 2.24 286.19 29.04
2.3 0.89 294.54 77.1
2.3 1.9 346.55 16.28
2.3 4.78 191.89 13.64
2.3 2.4 3.8 277.49 21.02
2.4 1.74 170.92 7.74
2.4 0.25 199.4 -76.92
2.4 0.44 188.87 80.05
2.4 3.06 57.47 -15.58
2.4 2.5 4.27 245.96 33.87
2.5 2.6 2.69 183.13 15.83
2.6 2.7 1 208.88 14.31
2.7 2.8 2.62 261.23 45.03
2.8 0.74 217.49 -1.28
2.8 1.77 308.28 16.94
2.8 2.21 355.11 8.93
2.8 2.9 3.82 246.52 22.48
2.9 5.0 0 0 0
5.0 1.0 199.4 0.69
5.0 0.88 12.52 5.22
5.0 0.5 357.5 90
5.0 0.5 357.5 -90
5.0 5.1 8 291.43 2.24
5.1 0.58 207.29 1.19
5.1 0.64 21.23 12.83
5.1 2.31 357.5 90
5.1 0.51 357.5 -90
5.1 5.2 15.62 276.7 56.2
5.2 4.49 270 0
5.2 6.54 90 0
5.2 22.11 357.5 90
5.2 1.5 357.5 -90
5.2 5.3 13.34 266.6 73.09
5.3 6.54 90 0
5.3 4.71 179.99 0
5.3 9.49 357.5 90
5.3 13.42 357.5 -90
5.3 5.4 4.71 205.59 34.9
5.4 5.5 17.22 241.61 83
5.5 5.6 6.7 357.5 90